camera 610 375 -1500 0 0 1 866 1200 750
lumiere 600 400 -1600 100 0x00FFFFFF
plan 500 20 800 0 1 0 0x001C1C1C
plan 500 730 800 0 1 0 0x001C1C1C
plan 500 370 800 0 0 1 0x002A2A2A
sphere -100 20 400 65 0x00FF0000
sphere 1300 20 400 65 0x00FF0000
sphere -100 20 0 65 0x00FF0000
sphere 1300 20 0 65 0x00FF0000
sphere -100 730 400 65 0x00FF0000
sphere 1300 730 400 65 0x00FF0000
sphere -100 730 0 65 0x00FF0000
sphere 1300 730 0 65 0x00FF0000
cylindre -100 375 400 0 1 0 30 0x000000FF
cylindre 1300 375 400 0 1 0 30 0x000000FF
cylindre -100 375 0 0 1 0 30 0x000000FF
cylindre 1300 375 0 0 1 0 30 0x000000FF